securityName=VHC_SNMPv3
snmpPort=1234

#authenticationProtocol={SHA,MD5}
authenticationProtocol=MD5
authenticationPassphrase=authPass

#privacyProtocol={AES128,3DES}
privacyProtocol=AES128
privacyPassphrase=privPass

#netact address cach nhau = ","
#ipList=10.19.236.13,10.19.237.13,10.51.130.13,10.56.0.13
#ipList=10.51.144.13,10.53.143.13,10.27.5.13
ipList=192.168.0.104

#OID Mapping Alarm RAN, CORE NOKIA
nbiEventTime=1.3.6.1.4.1.28458.1.26.2.1.6.3
nbiObjectInstance=1.3.6.1.4.1.28458.1.26.2.1.6.5
nbiAckState=1.3.6.1.4.1.28458.1.26.3.1.1.1
nbiPerceivedSeverity=1.3.6.1.4.1.28458.1.26.3.1.1.13
nbiProbableCause=1.3.6.1.4.1.28458.1.26.3.1.1.14
nbiSpecificProblem=1.3.6.1.4.1.28458.1.26.3.1.1.16
nbiAckTime=1.3.6.1.4.1.28458.1.26.3.1.1.2
nbiAckUser=1.3.6.1.4.1.28458.1.26.3.1.1.3
nbiAdditionalText=1.3.6.1.4.1.28458.1.26.3.1.1.4
nbiAlarmId=1.3.6.1.4.1.28458.1.26.3.1.1.5
nbiAlarmTime=1.3.6.1.4.1.28458.1.26.3.1.1.6
nbiAlarmType=1.3.6.1.4.1.28458.1.26.3.1.1.7
nbiClearTime=1.3.6.1.4.1.28458.1.26.3.1.1.8
nbiClearUser=1.3.6.1.4.1.28458.1.26.3.1.1.9
ipAddress=1.3.6.1.4.1.28458.1.26.2.1.6.25
